109
1 1
1 2
1 3
1 4
3 5
1 8
2 5
7 9
1 16
5 9
1 14
15 17
1 32
14 17
31 33
1 64
17 33
9 50
4 59
63 65
1 128
59 65
3 124
127 129
1 256
124 129
2 253
255 257
1 512
253 257
1 510
511 513
1 1024
510 513
1023 1025
1 2048
513 1025
257 1538
129 1795
65 1924
50 1989
8 2039
2047 2049
1 4096
2039 2049
7 4088
4095 4097
1 8192
4088 4097
5 8185
1 8190
8191 8193
1 16384
8190 8193
16383 16385
1 32768
8193 16385
8185 24578
4 32763
32767 32769
1 65536
32763 32769
3 65532
65535 65537
1 131072
65532 65537
2 131069
131071 131073
1 262144
131069 131073
1 262142
262143 262145
1 524288
262142 262145
524287 524289
1 1048576
262145 524289
131073 786434
65537 917507
32769 983044
24578 1015813
4097 1040391
2049 1044488
1989 1046537
33 1048526
16 1048559
1048575 1048577
1 2097152
1048559 1048577
15 2097136
2097151 2097153
1 4194304
2097136 2097153
14 4194289
4194303 4194305
1 8388608
4194289 4194305
9 8388594
4 8388603
8388607 8388609
1 16777216
8388603 8388609
3 16777212
16777215 16777217
1 33554432
16777212 16777217
2 33554429
33554431 33554433
1 67108864
